BEGIN FCTP PROBLEM.    N204          
 N204           SOURCES=   15 , SINKS=   15 & MAX OPTOFV=UNKNOWN
ARCS
        1               17                8.        0.        0.     1376.    -1.     1. F
        1               21                3.       80.        0.     1376.    -1.     1. F
        1               29                7.      182.        0.     1376.    -1.     1. F
        1               24                7.       66.        0.      416.    -1.     1. F
        1               16                8.       76.        0.       60.    -1.     1. F
        1               28                4.      158.        0.      343.    -1.     1. F
        1               19                3.      120.        0.      816.    -1.     1. F
        1               25                3.      198.        0.       16.    -1.     1. F
        1               23                4.       91.        0.       77.    -1.     1. F
        1               26                3.       61.        0.     1376.    -1.     1. F
        1               18                7.      113.        0.      700.    -1.     1. F
        1               20                3.      130.        0.      376.    -1.     1. F
        1               22                3.      139.        0.     1282.    -1.     1. F
        1               27                6.      126.        0.     1376.    -1.     1. F
        1               30                6.       55.        0.      332.    -1.     1. F
        2               24                4.       72.        0.      229.    -1.     1. F
        2               22                6.      104.        0.      229.    -1.     1. F
        2               29                7.       77.        0.      229.    -1.     1. F
        2               25                5.      134.        0.       16.    -1.     1. F
        2               20                7.      184.        0.      229.    -1.     1. F
        2               17                3.      129.        0.      229.    -1.     1. F
        2               21                8.      138.        0.      229.    -1.     1. F
        2               27                5.      150.        0.      229.    -1.     1. F
        2               23                6.      175.        0.       77.    -1.     1. F
        2               19                8.       58.        0.      229.    -1.     1. F
        2               28                6.       64.        0.      229.    -1.     1. F
        2               16                4.      152.        0.       60.    -1.     1. F
        2               26                4.       69.        0.      229.    -1.     1. F
        2               18                3.       90.        0.      229.    -1.     1. F
        2               30                8.      156.        0.      229.    -1.     1. F
        3               25                6.      106.        0.       16.    -1.     1. F
        3               17                4.      118.        0.      760.    -1.     1. F
        3               28                5.       88.        0.      343.    -1.     1. F
        3               19                7.       96.        0.      760.    -1.     1. F
        3               29                6.       55.        0.      760.    -1.     1. F
        3               23                6.      114.        0.       77.    -1.     1. F
        3               20                8.      146.        0.      376.    -1.     1. F
        3               22                7.       56.        0.      760.    -1.     1. F
        3               24                6.      185.        0.      416.    -1.     1. F
        3               18                3.       90.        0.      700.    -1.     1. F
        3               21                4.      117.        0.      760.    -1.     1. F
        3               16                4.       81.        0.       60.    -1.     1. F
        3               26                6.      176.        0.      760.    -1.     1. F
        3               27                8.       86.        0.      760.    -1.     1. F
        3               30                5.       71.        0.      332.    -1.     1. F
        4               26                5.      167.        0.     1087.    -1.     1. F
        4               28                3.      110.        0.      343.    -1.     1. F
        4               27                6.      123.        0.     1087.    -1.     1. F
        4               17                3.       70.        0.     1087.    -1.     1. F
        4               20                4.       87.        0.      376.    -1.     1. F
        4               19                7.      175.        0.      816.    -1.     1. F
        4               18                5.      108.        0.      700.    -1.     1. F
        4               24                5.      143.        0.      416.    -1.     1. F
        4               21                6.       96.        0.     1087.    -1.     1. F
        4               29                5.      168.        0.     1087.    -1.     1. F
        4               25                7.      172.        0.       16.    -1.     1. F
        4               22                3.      198.        0.     1087.    -1.     1. F
        4               16                6.       56.        0.       60.    -1.     1. F
        4               23                5.       89.        0.       77.    -1.     1. F
        4               30                6.      126.        0.      332.    -1.     1. F
        5               26                6.      166.        0.     1370.    -1.     1. F
        5               22                6.      125.        0.     1282.    -1.     1. F
        5               23                8.      192.        0.       77.    -1.     1. F
        5               24                6.      125.        0.      416.    -1.     1. F
        5               28                7.      102.        0.      343.    -1.     1. F
        5               29                4.      118.        0.     1370.    -1.     1. F
        5               18                7.      127.        0.      700.    -1.     1. F
        5               17                6.       96.        0.     1370.    -1.     1. F
        5               25                5.      134.        0.       16.    -1.     1. F
        5               20                3.       99.        0.      376.    -1.     1. F
        5               19                3.      119.        0.      816.    -1.     1. F
        5               27                6.      123.        0.     1370.    -1.     1. F
        5               21                3.       78.        0.     1370.    -1.     1. F
        5               16                3.       99.        0.       60.    -1.     1. F
        5               30                7.      127.        0.      332.    -1.     1. F
        6               27                7.      122.        0.     1505.    -1.     1. F
        6               19                8.      122.        0.      816.    -1.     1. F
        6               20                8.      156.        0.      376.    -1.     1. F
        6               24                6.      194.        0.      416.    -1.     1. F
        6               28                5.       81.        0.      343.    -1.     1. F
        6               29                5.      116.        0.     1505.    -1.     1. F
        6               16                7.       66.        0.       60.    -1.     1. F
        6               23                5.      169.        0.       77.    -1.     1. F
        6               22                5.      160.        0.     1282.    -1.     1. F
        6               17                6.      193.        0.     1505.    -1.     1. F
        6               21                8.      163.        0.     1505.    -1.     1. F
        6               25                6.      135.        0.       16.    -1.     1. F
        6               26                4.      198.        0.     1429.    -1.     1. F
        6               18                7.      191.        0.      700.    -1.     1. F
        6               30                7.      171.        0.      332.    -1.     1. F
        7               20                6.      194.        0.      376.    -1.     1. F
        7               27                8.      103.        0.     1238.    -1.     1. F
        7               29                6.      194.        0.     1238.    -1.     1. F
        7               18                5.      152.        0.      700.    -1.     1. F
        7               22                8.      138.        0.     1238.    -1.     1. F
        7               23                4.      132.        0.       77.    -1.     1. F
        7               21                7.      114.        0.     1238.    -1.     1. F
        7               16                8.      138.        0.       60.    -1.     1. F
        7               25                7.      127.        0.       16.    -1.     1. F
        7               17                3.       80.        0.     1238.    -1.     1. F
        7               24                7.      122.        0.      416.    -1.     1. F
        7               28                6.       64.        0.      343.    -1.     1. F
        7               19                4.      117.        0.      816.    -1.     1. F
        7               26                4.      158.        0.     1238.    -1.     1. F
        7               30                3.      198.        0.      332.    -1.     1. F
        8               24                3.      148.        0.      416.    -1.     1. F
        8               18                6.      124.        0.      700.    -1.     1. F
        8               26                8.      172.        0.     1000.    -1.     1. F
        8               23                5.      177.        0.       77.    -1.     1. F
        8               22                5.      107.        0.     1000.    -1.     1. F
        8               19                7.      153.        0.      816.    -1.     1. F
        8               17                5.       73.        0.     1000.    -1.     1. F
        8               29                5.      196.        0.     1000.    -1.     1. F
        8               27                7.      147.        0.     1000.    -1.     1. F
        8               28                7.       67.        0.      343.    -1.     1. F
        8               16                8.       94.        0.       60.    -1.     1. F
        8               25                5.      134.        0.       16.    -1.     1. F
        8               20                4.       52.        0.      376.    -1.     1. F
        8               21                6.      154.        0.     1000.    -1.     1. F
        8               30                7.      184.        0.      332.    -1.     1. F
        9               17                7.      193.        0.      909.    -1.     1. F
        9               21                6.      126.        0.      909.    -1.     1. F
        9               28                5.      143.        0.      343.    -1.     1. F
        9               27                6.      154.        0.      909.    -1.     1. F
        9               23                8.      183.        0.       77.    -1.     1. F
        9               20                4.      187.        0.      376.    -1.     1. F
        9               26                6.      165.        0.      909.    -1.     1. F
        9               19                3.      170.        0.      816.    -1.     1. F
        9               24                6.       94.        0.      416.    -1.     1. F
        9               29                4.      180.        0.      909.    -1.     1. F
        9               22                6.      174.        0.      909.    -1.     1. F
        9               18                4.       91.        0.      700.    -1.     1. F
        9               25                5.      178.        0.       16.    -1.     1. F
        9               16                6.      164.        0.       60.    -1.     1. F
        9               30                4.      167.        0.      332.    -1.     1. F
       10               29                4.       87.        0.     1228.    -1.     1. F
       10               21                4.      142.        0.     1228.    -1.     1. F
       10               22                3.       59.        0.     1228.    -1.     1. F
       10               25                5.      151.        0.       16.    -1.     1. F
       10               27                4.      118.        0.     1228.    -1.     1. F
       10               18                8.      103.        0.      700.    -1.     1. F
       10               16                8.      111.        0.       60.    -1.     1. F
       10               28                7.      137.        0.      343.    -1.     1. F
       10               19                5.      167.        0.      816.    -1.     1. F
       10               23                5.      195.        0.       77.    -1.     1. F
       10               26                7.      122.        0.     1228.    -1.     1. F
       10               17                4.      167.        0.     1228.    -1.     1. F
       10               24                4.      148.        0.      416.    -1.     1. F
       10               20                5.      196.        0.      376.    -1.     1. F
       10               30                6.      106.        0.      332.    -1.     1. F
       11               29                8.       85.        0.     1306.    -1.     1. F
       11               19                8.      128.        0.      816.    -1.     1. F
       11               22                3.       50.        0.     1282.    -1.     1. F
       11               16                7.      154.        0.       60.    -1.     1. F
       11               24                5.      116.        0.      416.    -1.     1. F
       11               28                7.       92.        0.      343.    -1.     1. F
       11               17                8.      173.        0.     1306.    -1.     1. F
       11               20                3.      159.        0.      376.    -1.     1. F
       11               27                7.       67.        0.     1306.    -1.     1. F
       11               18                7.      136.        0.      700.    -1.     1. F
       11               25                4.      158.        0.       16.    -1.     1. F
       11               23                5.      195.        0.       77.    -1.     1. F
       11               21                4.       62.        0.     1306.    -1.     1. F
       11               26                7.      126.        0.     1306.    -1.     1. F
       11               30                6.      104.        0.      332.    -1.     1. F
       12               17                5.       98.        0.      665.    -1.     1. F
       12               30                8.       98.        0.      332.    -1.     1. F
       12               16                4.       52.        0.       60.    -1.     1. F
       12               25                5.       80.        0.       16.    -1.     1. F
       12               21                4.      162.        0.      665.    -1.     1. F
       12               23                6.      114.        0.       77.    -1.     1. F
       12               20                7.      144.        0.      376.    -1.     1. F
       12               28                5.      160.        0.      343.    -1.     1. F
       12               24                8.      102.        0.      416.    -1.     1. F
       12               19                8.      138.        0.      665.    -1.     1. F
       12               22                7.       96.        0.      665.    -1.     1. F
       12               18                7.      166.        0.      665.    -1.     1. F
       12               27                6.      104.        0.      665.    -1.     1. F
       12               26                4.      100.        0.      665.    -1.     1. F
       12               29                4.      176.        0.      665.    -1.     1. F
       13               29                6.      125.        0.      534.    -1.     1. F
       13               21                4.      142.        0.      534.    -1.     1. F
       13               22                7.      144.        0.      534.    -1.     1. F
       13               23                4.      161.        0.       77.    -1.     1. F
       13               20                4.       82.        0.      376.    -1.     1. F
       13               19                8.      103.        0.      534.    -1.     1. F
       13               16                4.      141.        0.       60.    -1.     1. F
       13               25                5.       63.        0.       16.    -1.     1. F
       13               18                4.      162.        0.      534.    -1.     1. F
       13               26                5.      195.        0.      534.    -1.     1. F
       13               28                5.      106.        0.      343.    -1.     1. F
       13               17                3.       70.        0.      534.    -1.     1. F
       13               27                6.      165.        0.      534.    -1.     1. F
       13               24                4.       61.        0.      416.    -1.     1. F
       13               30                8.      148.        0.      332.    -1.     1. F
       14               22                3.      198.        0.     1282.    -1.     1. F
       14               29                3.      119.        0.     1554.    -1.     1. F
       14               25                5.      169.        0.       16.    -1.     1. F
       14               26                4.      158.        0.     1429.    -1.     1. F
       14               20                8.       93.        0.      376.    -1.     1. F
       14               18                7.      113.        0.      700.    -1.     1. F
       14               16                4.       81.        0.       60.    -1.     1. F
       14               24                6.      104.        0.      416.    -1.     1. F
       14               27                5.       89.        0.     1554.    -1.     1. F
       14               28                5.      178.        0.      343.    -1.     1. F
       14               23                5.      168.        0.       77.    -1.     1. F
       14               17                3.      129.        0.     1554.    -1.     1. F
       14               19                8.      146.        0.      816.    -1.     1. F
       14               21                4.      109.        0.     1554.    -1.     1. F
       14               30                4.       82.        0.      332.    -1.     1. F
       15               20                8.      147.        0.      239.    -1.     1. F
       15               19                5.       89.        0.      239.    -1.     1. F
       15               16                6.       54.        0.       60.    -1.     1. F
       15               23                4.      109.        0.       77.    -1.     1. F
       15               21                7.      193.        0.      239.    -1.     1. F
       15               18                6.      153.        0.      239.    -1.     1. F
       15               28                6.       95.        0.      239.    -1.     1. F
       15               17                4.      116.        0.      239.    -1.     1. F
       15               29                5.      161.        0.      239.    -1.     1. F
       15               22                6.      193.        0.      239.    -1.     1. F
       15               25                3.       79.        0.       16.    -1.     1. F
       15               27                7.      112.        0.      239.    -1.     1. F
       15               24                8.      103.        0.      239.    -1.     1. F
       15               26                6.      115.        0.      239.    -1.     1. F
       15               30                3.      170.        0.      239.    -1.     1. F
S
        1              1376.
        2               229.
        3               760.
        4              1087.
        5              1370.
        6              1505.
        7              1238.
        8              1000.
        9               909.
       10              1228.
       11              1306.
       12               665.
       13               534.
       14              1554.
       15               239.
D
       16                60.
       17              2220.
       18               700.
       19               816.
       20               376.
       21              2185.
       22              1282.
       23                77.
       24               416.
       25                16.
       26              1429.
       27              1820.
       28               343.
       29              2928.
       30               332.
END
