BEGIN FCTP PROBLEM.    N504          
 N504           SOURCES=   10 , SINKS=   30 & MAX OPTOFV=UNKNOWN
ARCS
        1               28                3.      198.        0.      922.    -1.     1. F
        1               24                8.      198.        0.      268.    -1.     1. F
        1               32                8.      111.        0.       17.    -1.     1. F
        1               14                7.       66.        0.      922.    -1.     1. F
        1               11                8.       76.        0.      792.    -1.     1. F
        1               39                4.      158.        0.      471.    -1.     1. F
        1               16                3.      120.        0.      922.    -1.     1. F
        1               31                3.      198.        0.      394.    -1.     1. F
        1               27                4.       91.        0.       35.    -1.     1. F
        1               33                3.       61.        0.       32.    -1.     1. F
        1               12                7.      113.        0.      671.    -1.     1. F
        1               15                3.      130.        0.      922.    -1.     1. F
        1               18                3.      139.        0.      145.    -1.     1. F
        1               19                6.      126.        0.      147.    -1.     1. F
        1               36                6.       55.        0.       98.    -1.     1. F
        1               38                6.      185.        0.      175.    -1.     1. F
        1               20                3.      110.        0.      130.    -1.     1. F
        1               35                6.       95.        0.      575.    -1.     1. F
        1               30                3.      148.        0.      210.    -1.     1. F
        1               25                3.      188.        0.      293.    -1.     1. F
        1               34                6.      145.        0.       34.    -1.     1. F
        1               22                7.      123.        0.      204.    -1.     1. F
        1               26                5.       80.        0.      170.    -1.     1. F
        1               13                6.      123.        0.      922.    -1.     1. F
        1               37                7.      172.        0.      177.    -1.     1. F
        1               21                3.      130.        0.      761.    -1.     1. F
        1               23                6.      114.        0.      115.    -1.     1. F
        1               29                4.      197.        0.      162.    -1.     1. F
        1               17                5.       98.        0.      922.    -1.     1. F
        1               40                3.      179.        0.      922.    -1.     1. F
        2               30                4.       69.        0.      210.    -1.     1. F
        2               14                5.      168.        0.      798.    -1.     1. F
        2               12                5.      107.        0.      671.    -1.     1. F
        2               11                4.      117.        0.      792.    -1.     1. F
        2               21                8.       75.        0.      761.    -1.     1. F
        2               13                6.      176.        0.      798.    -1.     1. F
        2               25                4.       82.        0.      293.    -1.     1. F
        2               32                5.       71.        0.       17.    -1.     1. F
        2               15                6.      123.        0.      798.    -1.     1. F
        2               38                4.      100.        0.      175.    -1.     1. F
        2               22                4.      162.        0.      204.    -1.     1. F
        2               27                3.      190.        0.       35.    -1.     1. F
        2               19                3.      129.        0.      147.    -1.     1. F
        2               36                5.      168.        0.       98.    -1.     1. F
        2               20                6.      153.        0.      130.    -1.     1. F
        2               18                5.      176.        0.      145.    -1.     1. F
        2               28                8.       58.        0.      798.    -1.     1. F
        2               26                4.       82.        0.      170.    -1.     1. F
        2               24                8.      111.        0.      268.    -1.     1. F
        2               23                3.      110.        0.      115.    -1.     1. F
        2               37                6.      123.        0.      177.    -1.     1. F
        2               16                3.       70.        0.      798.    -1.     1. F
        2               31                4.       87.        0.      394.    -1.     1. F
        2               29                7.      175.        0.      162.    -1.     1. F
        2               33                5.      108.        0.       32.    -1.     1. F
        2               35                5.      143.        0.      575.    -1.     1. F
        2               17                6.       96.        0.      798.    -1.     1. F
        2               39                5.      168.        0.      471.    -1.     1. F
        2               34                7.      172.        0.       34.    -1.     1. F
        2               40                3.      198.        0.      798.    -1.     1. F
        3               30                8.      191.        0.      210.    -1.     1. F
        3               14                8.       86.        0.      945.    -1.     1. F
        3               12                6.      125.        0.      671.    -1.     1. F
        3               31                8.      129.        0.      394.    -1.     1. F
        3               25                6.      164.        0.      293.    -1.     1. F
        3               18                5.       82.        0.      145.    -1.     1. F
        3               29                5.      160.        0.      162.    -1.     1. F
        3               27                6.      144.        0.       35.    -1.     1. F
        3               23                4.      117.        0.      115.    -1.     1. F
        3               33                6.       64.        0.       32.    -1.     1. F
        3               11                4.       61.        0.      792.    -1.     1. F
        3               34                5.      142.        0.       34.    -1.     1. F
        3               24                5.       72.        0.      268.    -1.     1. F
        3               39                4.       60.        0.      471.    -1.     1. F
        3               13                4.      168.        0.      945.    -1.     1. F
        3               28                6.      164.        0.      945.    -1.     1. F
        3               19                5.      117.        0.      147.    -1.     1. F
        3               16                4.       96.        0.      945.    -1.     1. F
        3               38                7.      122.        0.      175.    -1.     1. F
        3               15                3.      189.        0.      945.    -1.     1. F
        3               22                7.      127.        0.      204.    -1.     1. F
        3               20                8.      112.        0.      130.    -1.     1. F
        3               37                4.      109.        0.      177.    -1.     1. F
        3               35                5.      151.        0.      575.    -1.     1. F
        3               26                3.      119.        0.      170.    -1.     1. F
        3               36                7.      122.        0.       98.    -1.     1. F
        3               17                7.      144.        0.      945.    -1.     1. F
        3               21                8.      181.        0.      761.    -1.     1. F
        3               32                7.      127.        0.       17.    -1.     1. F
        3               40                6.       75.        0.      945.    -1.     1. F
        4               40                7.      127.        0.     1180.    -1.     1. F
        4               28                7.      182.        0.     1663.    -1.     1. F
        4               35                8.       75.        0.      575.    -1.     1. F
        4               17                5.      152.        0.     1567.    -1.     1. F
        4               23                8.      138.        0.      115.    -1.     1. F
        4               24                4.      132.        0.      268.    -1.     1. F
        4               25                7.      114.        0.      293.    -1.     1. F
        4               13                8.      138.        0.     1080.    -1.     1. F
        4               26                7.      127.        0.      170.    -1.     1. F
        4               15                3.       80.        0.      962.    -1.     1. F
        4               20                7.      122.        0.      130.    -1.     1. F
        4               32                6.       64.        0.       17.    -1.     1. F
        4               11                4.      117.        0.      792.    -1.     1. F
        4               37                4.      158.        0.      177.    -1.     1. F
        4               29                3.      198.        0.      162.    -1.     1. F
        4               34                6.      104.        0.       34.    -1.     1. F
        4               36                7.      112.        0.       98.    -1.     1. F
        4               18                7.       74.        0.      145.    -1.     1. F
        4               12                6.      166.        0.      671.    -1.     1. F
        4               27                6.      155.        0.       35.    -1.     1. F
        4               33                6.      134.        0.       32.    -1.     1. F
        4               21                7.      135.        0.      761.    -1.     1. F
        4               22                8.       93.        0.      204.    -1.     1. F
        4               31                5.       71.        0.      394.    -1.     1. F
        4               16                7.      193.        0.     1310.    -1.     1. F
        4               19                3.      170.        0.      147.    -1.     1. F
        4               38                4.      180.        0.      175.    -1.     1. F
        4               30                5.       54.        0.      210.    -1.     1. F
        4               14                5.      161.        0.     1162.    -1.     1. F
        4               39                7.      123.        0.      471.    -1.     1. F
        5               13                6.      104.        0.     1080.    -1.     1. F
        5               11                8.       85.        0.      792.    -1.     1. F
        5               40                6.      114.        0.     1180.    -1.     1. F
        5               29                7.      121.        0.      162.    -1.     1. F
        5               31                6.      114.        0.      394.    -1.     1. F
        5               36                5.       88.        0.       98.    -1.     1. F
        5               37                7.      172.        0.      177.    -1.     1. F
        5               30                5.      195.        0.      210.    -1.     1. F
        5               32                6.      124.        0.       17.    -1.     1. F
        5               18                8.      146.        0.      145.    -1.     1. F
        5               34                6.      125.        0.       34.    -1.     1. F
        5               28                6.      104.        0.     1663.    -1.     1. F
        5               17                7.      153.        0.     1567.    -1.     1. F
        5               33                6.      174.        0.       32.    -1.     1. F
        5               26                5.      186.        0.      170.    -1.     1. F
        5               25                5.      106.        0.      293.    -1.     1. F
        5               16                3.      159.        0.     1310.    -1.     1. F
        5               22                6.      114.        0.      204.    -1.     1. F
        5               19                4.       87.        0.      147.    -1.     1. F
        5               15                4.      142.        0.      962.    -1.     1. F
        5               23                3.       59.        0.      115.    -1.     1. F
        5               27                5.      151.        0.       35.    -1.     1. F
        5               38                4.      118.        0.      175.    -1.     1. F
        5               14                8.      103.        0.     1162.    -1.     1. F
        5               12                8.      111.        0.      671.    -1.     1. F
        5               35                7.      137.        0.      575.    -1.     1. F
        5               20                5.      167.        0.      130.    -1.     1. F
        5               24                5.      195.        0.      268.    -1.     1. F
        5               21                7.      122.        0.      761.    -1.     1. F
        5               39                4.      167.        0.      471.    -1.     1. F
        6               16                4.      107.        0.      981.    -1.     1. F
        6               12                7.      147.        0.      671.    -1.     1. F
        6               31                6.      124.        0.      394.    -1.     1. F
        6               15                8.      124.        0.      962.    -1.     1. F
        6               11                3.      119.        0.      792.    -1.     1. F
        6               32                6.      155.        0.       17.    -1.     1. F
        6               25                8.      111.        0.      293.    -1.     1. F
        6               21                3.      139.        0.      761.    -1.     1. F
        6               36                4.      100.        0.       98.    -1.     1. F
        6               33                8.      112.        0.       32.    -1.     1. F
        6               17                3.      179.        0.      981.    -1.     1. F
        6               28                6.      104.        0.      981.    -1.     1. F
        6               34                6.       64.        0.       34.    -1.     1. F
        6               39                5.       88.        0.      471.    -1.     1. F
        6               14                3.      130.        0.      981.    -1.     1. F
        6               26                8.       77.        0.      170.    -1.     1. F
        6               22                4.      197.        0.      204.    -1.     1. F
        6               23                4.      187.        0.      115.    -1.     1. F
        6               35                4.      149.        0.      575.    -1.     1. F
        6               24                3.       90.        0.      268.    -1.     1. F
        6               13                3.       60.        0.      981.    -1.     1. F
        6               18                7.      184.        0.      145.    -1.     1. F
        6               20                5.       88.        0.      130.    -1.     1. F
        6               37                6.      175.        0.      177.    -1.     1. F
        6               29                4.       72.        0.      162.    -1.     1. F
        6               30                8.       93.        0.      210.    -1.     1. F
        6               38                6.       84.        0.      175.    -1.     1. F
        6               19                4.      167.        0.      147.    -1.     1. F
        6               27                5.      116.        0.       35.    -1.     1. F
        6               40                3.      179.        0.      981.    -1.     1. F
        7               28                8.      181.        0.     1663.    -1.     1. F
        7               25                6.      125.        0.      293.    -1.     1. F
        7               15                4.      142.        0.      962.    -1.     1. F
        7               21                3.      118.        0.      761.    -1.     1. F
        7               19                4.      117.        0.      147.    -1.     1. F
        7               20                8.      103.        0.      130.    -1.     1. F
        7               38                4.       60.        0.      175.    -1.     1. F
        7               18                8.      128.        0.      145.    -1.     1. F
        7               27                4.       97.        0.       35.    -1.     1. F
        7               17                4.      132.        0.     1567.    -1.     1. F
        7               29                3.      170.        0.      162.    -1.     1. F
        7               24                8.       93.        0.      268.    -1.     1. F
        7               12                7.      193.        0.      671.    -1.     1. F
        7               32                7.      136.        0.       17.    -1.     1. F
        7               14                5.      152.        0.     1162.    -1.     1. F
        7               37                4.      180.        0.      177.    -1.     1. F
        7               26                8.      128.        0.      170.    -1.     1. F
        7               16                8.      129.        0.     1310.    -1.     1. F
        7               31                7.       56.        0.      394.    -1.     1. F
        7               39                5.       63.        0.      471.    -1.     1. F
        7               34                5.      115.        0.       34.    -1.     1. F
        7               36                7.       87.        0.       98.    -1.     1. F
        7               22                7.      184.        0.      204.    -1.     1. F
        7               23                4.      162.        0.      115.    -1.     1. F
        7               35                5.       99.        0.      575.    -1.     1. F
        7               33                4.      131.        0.       32.    -1.     1. F
        7               11                5.      117.        0.      792.    -1.     1. F
        7               13                4.      107.        0.     1080.    -1.     1. F
        7               30                8.      112.        0.      210.    -1.     1. F
        7               40                7.       57.        0.     1180.    -1.     1. F
        8               26                7.      144.        0.      170.    -1.     1. F
        8               15                8.      120.        0.      962.    -1.     1. F
        8               40                7.      175.        0.     1048.    -1.     1. F
        8               17                5.      115.        0.     1048.    -1.     1. F
        8               20                4.      162.        0.      130.    -1.     1. F
        8               28                3.       51.        0.     1048.    -1.     1. F
        8               38                4.      109.        0.      175.    -1.     1. F
        8               19                7.      193.        0.      147.    -1.     1. F
        8               16                6.      153.        0.     1048.    -1.     1. F
        8               35                6.       95.        0.      575.    -1.     1. F
        8               12                4.      116.        0.      671.    -1.     1. F
        8               36                5.      161.        0.       98.    -1.     1. F
        8               14                6.      193.        0.     1048.    -1.     1. F
        8               24                3.       79.        0.      268.    -1.     1. F
        8               37                7.      112.        0.      177.    -1.     1. F
        8               21                8.      103.        0.      761.    -1.     1. F
        8               34                6.      115.        0.       34.    -1.     1. F
        8               22                3.      170.        0.      204.    -1.     1. F
        8               25                8.      121.        0.      293.    -1.     1. F
        8               33                4.      109.        0.       32.    -1.     1. F
        8               31                5.      151.        0.      394.    -1.     1. F
        8               30                5.      178.        0.      210.    -1.     1. F
        8               27                7.      163.        0.       35.    -1.     1. F
        8               13                8.       85.        0.     1048.    -1.     1. F
        8               29                5.      178.        0.      162.    -1.     1. F
        8               32                6.       75.        0.       17.    -1.     1. F
        8               23                7.      147.        0.      115.    -1.     1. F
        8               18                6.      154.        0.      145.    -1.     1. F
        8               11                3.       59.        0.      792.    -1.     1. F
        8               39                4.       81.        0.      471.    -1.     1. F
        9               16                8.       92.        0.     1310.    -1.     1. F
        9               22                6.       64.        0.      204.    -1.     1. F
        9               39                6.      125.        0.      471.    -1.     1. F
        9               17                7.      137.        0.     1567.    -1.     1. F
        9               26                4.       62.        0.      170.    -1.     1. F
        9               38                5.       81.        0.      175.    -1.     1. F
        9               29                5.       62.        0.      162.    -1.     1. F
        9               11                7.       65.        0.      792.    -1.     1. F
        9               37                4.       69.        0.      177.    -1.     1. F
        9               21                8.      128.        0.      761.    -1.     1. F
        9               33                5.      168.        0.       32.    -1.     1. F
        9               18                3.       60.        0.      145.    -1.     1. F
        9               36                7.      147.        0.       98.    -1.     1. F
        9               25                5.      116.        0.      293.    -1.     1. F
        9               13                7.      183.        0.     1080.    -1.     1. F
        9               23                8.      111.        0.      115.    -1.     1. F
        9               31                8.       86.        0.      394.    -1.     1. F
        9               12                8.      111.        0.      671.    -1.     1. F
        9               30                8.       92.        0.      210.    -1.     1. F
        9               35                6.      185.        0.      575.    -1.     1. F
        9               32                7.      102.        0.       17.    -1.     1. F
        9               19                3.      179.        0.      147.    -1.     1. F
        9               20                7.      135.        0.      130.    -1.     1. F
        9               24                7.      175.        0.      268.    -1.     1. F
        9               27                7.      163.        0.       35.    -1.     1. F
        9               14                8.      103.        0.     1162.    -1.     1. F
        9               15                7.      127.        0.      962.    -1.     1. F
        9               28                8.      190.        0.     1623.    -1.     1. F
        9               34                5.      185.        0.       34.    -1.     1. F
        9               40                3.       59.        0.     1180.    -1.     1. F
       10               40                3.      190.        0.     1180.    -1.     1. F
       10               16                8.       66.        0.     1310.    -1.     1. F
       10               30                8.       66.        0.      210.    -1.     1. F
       10               36                5.      176.        0.       98.    -1.     1. F
       10               18                5.      168.        0.      145.    -1.     1. F
       10               19                4.       97.        0.      147.    -1.     1. F
       10               20                4.       60.        0.      130.    -1.     1. F
       10               23                7.      171.        0.      115.    -1.     1. F
       10               27                5.      167.        0.       35.    -1.     1. F
       10               33                6.      104.        0.       32.    -1.     1. F
       10               34                3.      170.        0.       34.    -1.     1. F
       10               37                7.      123.        0.      177.    -1.     1. F
       10               38                8.       59.        0.      175.    -1.     1. F
       10               35                5.       81.        0.      575.    -1.     1. F
       10               32                4.      198.        0.       17.    -1.     1. F
       10               13                3.      139.        0.     1080.    -1.     1. F
       10               22                6.      124.        0.      204.    -1.     1. F
       10               26                5.      160.        0.      170.    -1.     1. F
       10               12                8.      103.        0.      671.    -1.     1. F
       10               28                8.      163.        0.     1500.    -1.     1. F
       10               15                6.      153.        0.      962.    -1.     1. F
       10               14                8.      103.        0.     1162.    -1.     1. F
       10               31                7.      157.        0.      394.    -1.     1. F
       10               24                3.      118.        0.      268.    -1.     1. F
       10               25                5.       98.        0.      293.    -1.     1. F
       10               29                7.      157.        0.      162.    -1.     1. F
       10               21                6.       64.        0.      761.    -1.     1. F
       10               17                8.      192.        0.     1500.    -1.     1. F
       10               11                5.       71.        0.      792.    -1.     1. F
       10               39                6.      113.        0.      471.    -1.     1. F
S
        1               922.
        2               798.
        3               945.
        4              2185.
        5              2374.
        6               981.
        7              2624.
        8              1048.
        9              1623.
       10              1500.
D
       11               792.
       12               671.
       13              1080.
       14              1162.
       15               962.
       16              1310.
       17              1567.
       18               145.
       19               147.
       20               130.
       21               761.
       22               204.
       23               115.
       24               268.
       25               293.
       26               170.
       27                35.
       28              1663.
       29               162.
       30               210.
       31               394.
       32                17.
       33                32.
       34                34.
       35               575.
       36                98.
       37               177.
       38               175.
       39               471.
       40              1180.
END
